0 13 26 39 52 65 78 91 104 117
7 20 33 46 59 72 85 98 111 124
14 27 40 53 66 79 92 105 118 131
21 34 47 60 73 86 99 112 125 138
28 41 54 67 80 93 106 119 132 145
35 48 61 74 87 100 113 126 139 152
42 55 68 81 94 107 120 133 146 159
49 62 75 88 101 114 127 140 153 166
56 69 82 95 108 121 134 147 160 173
63 76 89 102 115 128 141 154 167 180
-1 -1 -1
16
11
16
10
3
1
24
11
24
0
10
3
1
0
17
23
18
17
6
0
6
16
11
23
2
11
1
48
18
2
1
10
23
2
29
0
0
3
48
0
1
10
3
18
1
16
17
18
17
2
0
1
17
16
24
25
29
16
25
17
